3.183657526969910223e-01 -6.190860271453857422e-01 8.625116348266601562e-01 -3.057871460914611816e-01 2.089928388595581055e+00 -1.478949487209320068e-01
-5.738043226301670074e-03 -1.273953616619110107e-01 5.031317472457885742e-01 9.300202727317810059e-01 -1.838623166084289995e+00 -2.869857549667357843e-01
-8.757005333900451660e-01 7.822322249412536621e-01 -1.653147220611572044e+00 4.356966018676757812e-01 1.021637678146362083e+00 5.455722212791442871e-01
-2.616093754768372137e-01 3.888794779777526855e-01 8.625116348266601562e-01 -8.001101613044738770e-01 2.124389171600341797e+00 -4.618427753448485773e-01
-6.710034608840942383e-01 8.395959138870239258e-01 1.437519341707229892e-01 1.885353326797485074e-01 1.297325611114501953e+00 1.106599066406488072e-02
-1.592140316963196023e+00 1.921315908432007058e+00 8.625116348266601562e-01 -1.541594505310059038e+00 -4.946450293064116877e-01 6.111435890197753906e-01
-1.268036603927612083e+00 1.314897179603577104e+00 -2.156279087066650113e-01 -5.862589925527573326e-02 4.702621996402739923e-01 2.256389379501343218e+00
-3.298416733741760254e-01 3.069310188293457031e-01 1.581271290779113992e+00 -3.057871460914611816e-01 2.226954698562622070e-02 -4.956219792366027832e-01
9.665731191635131836e-01 -9.304904341697692871e-01 1.581271290779113992e+00 -8.001101613044738770e-01 -5.291059613227844238e-01 -4.757518768310546875e-01
1.733719259500504095e-01 -3.568512499332427979e-01 8.625116348266601562e-01 2.412988901138306108e+00 1.945744603872298917e-01 -3.167909383773804266e-01
4.292432665824890137e-01 -8.485419750213623047e-01 5.031317472457885742e-01 9.300202727317810059e-01 -8.737158179283142090e-01 -2.830117344856262207e-01
-1.165688037872314009e+00 1.478794097900391069e+00 -2.156279087066650113e-01 -1.047271966934204102e+00 5.736450552940368652e-01 -4.042194485664368231e-01
5.401208996772766113e-01 -5.043584108352661133e-01 1.437519341707229892e-01 -5.862589925527573326e-02 5.736450552940368652e-01 -4.618427753448485773e-01
4.633593857288361151e-01 -4.387997090816497803e-01 -1.293767333030700906e+00 1.177181482315063032e+00 5.391840934753417969e-01 6.508837938308715820e-01
-3.810159564018250067e-01 6.347248554229736328e-01 -9.343875646591186523e-01 9.300202727317810059e-01 1.538552641868591087e+00 -1.498819291591644010e-01
-8.927586674690246582e-01 6.265301108360290527e-01 -5.750077366828918457e-01 4.356966018676757812e-01 1.125020980834960938e+00 2.198765754699707031e+00
-3.639577925205231268e-01 4.544385075569152832e-01 5.031317472457885742e-01 -1.541594505310059038e+00 -5.980280637741088867e-01 -3.207649290561676025e-01
-5.430677533149719238e-01 2.577620744705200195e-01 1.437519341707229892e-01 -5.862589925527573326e-02 -7.358718514442443848e-01 1.843090891838073953e+00
-6.283581852912902832e-01 6.347248554229736328e-01 -5.750077366828918457e-01 6.828590035438537598e-01 3.668794035911560059e-01 -5.115180611610412598e-01
3.690717741847038269e-02 -4.306046664714813232e-01 1.581271290779113992e+00 -1.541594505310059038e+00 -2.878791391849517822e-01 -2.035312652587890903e-01
-1.549495100975037065e+00 1.888536334037780984e+00 8.625116348266601562e-01 1.885353326797485074e-01 1.021637678146362083e+00 8.913121819496154785e-01
-1.387443065643310991e+00 1.790198445320128950e+00 -2.156279087066650113e-01 -1.294433236122130904e+00 6.425673365592956543e-01 3.093610890209674835e-02
-7.904100418090820312e-01 8.068170547485351562e-01 -2.156279087066650113e-01 -5.529489517211914062e-01 -6.324890255928039551e-01 -3.962714076042174738e-01
1.733719259500504095e-01 -1.192725181579590066e+00 5.031317472457885742e-01 6.828590035438537598e-01 -8.737158179283142090e-01 -4.876739382743834894e-01
-1.336737126111983975e-01 -1.192006468772888045e-01 1.221891522407531960e+00 1.671504020690917969e+00 2.290354222059249878e-01 -4.896609485149384100e-01
-1.711546897888184038e+00 1.962290048599242942e+00 -2.012526988983153853e+00 -2.283079385757445845e+00 -5.980280637741088867e-01 3.292312845587729714e-02
-2.274930626153945923e-01 5.036074519157409668e-01 -2.156279087066650113e-01 -5.862589925527573326e-02 2.226954698562622070e-02 -4.976089894771575928e-01
1.477848589420318881e-01 -3.896304666996002197e-01 -1.653147220611572044e+00 2.412988901138306108e+00 2.634963691234589178e-01 -6.444043666124343872e-02
-8.330552577972412109e-01 4.954127073287963867e-01 1.437519341707229892e-01 -8.001101613044738770e-01 1.125020980834960938e+00 -2.470020577311516155e-02
5.145336985588073730e-01 -2.175388634204865057e-01 -2.156279087066650113e-01 -5.862589925527573326e-02 2.979575097560883123e-01 -3.843493163585662842e-01
5.060046315193176270e-01 -2.749028205871582031e-01 1.221891522407531960e+00 -5.529489517211914062e-01 -6.669499278068542480e-01 -2.075053006410599032e-01
1.230973362922668013e+00 -1.389401555061340110e+00 8.625116348266601562e-01 2.165827512741088867e+00 2.634963691234589178e-01 -5.353622436523437500e-01
-7.818810939788818359e-01 1.470599412918091042e+00 -5.750077366828918457e-01 -1.047271966934204102e+00 -8.111327886581420898e-02 -5.115180611610412598e-01
-1.387443065643310991e+00 1.511573672294616921e+00 -2.012526988983153853e+00 -5.862589925527573326e-02 6.425673365592956543e-01 7.701044678688049316e-01
-7.307068705558776855e-01 5.363869667053222656e-01 -5.750077366828918457e-01 -1.047271966934204102e+00 1.945744603872298917e-01 -1.637910306453705112e-01
-2.616093754768372137e-01 -3.158770501613616943e-01 8.625116348266601562e-01 4.356966018676757812e-01 7.459501624107360840e-01 -4.022324085235596258e-01
1.221976280212402066e-01 8.567047119140625000e-02 -5.750077366828918457e-01 1.885353326797485074e-01 -3.912621736526489258e-01 -2.830117344856262207e-01
-5.174806714057922363e-01 -4.715788960456848145e-01 -9.343875646591186523e-01 -8.001101613044738770e-01 -8.047939538955688477e-01 1.879100650548934937e-01
-7.051196098327636719e-01 8.477912545204162598e-01 -1.293767333030700906e+00 6.828590035438537598e-01 -7.014108896255493164e-01 -2.790377140045166016e-01
-5.174806714057922363e-01 4.298537075519561768e-01 1.221891522407531960e+00 -1.541594505310059038e+00 3.668794035911560059e-01 1.179428815841675027e+00
1.162741065025330034e+00 -1.307453155517577903e+00 1.437519341707229892e-01 -3.057871460914611816e-01 -8.047939538955688477e-01 -5.214531421661376953e-01
1.367438316345215066e+00 -1.872897505760193093e+00 -5.750077366828918457e-01 1.918666362762450950e+00 -6.669499278068542480e-01 -4.936349689960479736e-01
4.121852517127990723e-01 -3.814357221126555841e-01 8.625116348266601562e-01 -8.001101613044738770e-01 1.262864708900452104e+00 -4.419726431369780939e-01
6.595273613929748535e-01 -5.289428830146789551e-01 5.031317472457885742e-01 9.300202727317810059e-01 5.673049390316010215e-02 -4.777388870716094971e-01
-4.577773213386536200e-01 5.527763962745666504e-01 1.437519341707229892e-01 1.885353326797485074e-01 4.013403356075286865e-01 -4.777388870716094971e-01
-5.857129693031311035e-01 3.397105336189270020e-01 8.625116348266601562e-01 -8.001101613044738770e-01 -6.324890255928039551e-01 -4.618427753448485773e-01
-9.183457493782043457e-01 7.248685956001281738e-01 1.221891522407531960e+00 -5.862589925527573326e-02 -2.534182071685791016e-01 -8.431055396795272827e-02
-7.477648258209228516e-01 1.167389750480652078e+00 -1.293767333030700906e+00 -1.047271966934204102e+00 -1.114942669868469016e+00 -3.724272251129149836e-01
8.130503892898559570e-01 -5.863068699836730957e-01 1.437519341707229892e-01 -5.862589925527573326e-02 9.871767759323120117e-01 -5.214531421661376953e-01
2.066819667816162109e+00 -1.954845905303955078e+00 1.581271290779113992e+00 6.828590035438537598e-01 -3.568012416362761896e-01 -5.095310807228088379e-01
-9.098167419433593750e-01 1.257533550262450950e+00 1.437519341707229892e-01 -5.862589925527573326e-02 -3.568012416362761896e-01 -1.677650660276412964e-01
1.435670614242553933e+00 -2.028599262237548828e+00 -5.750077366828918457e-01 1.424342751502990945e+00 7.459501624107360840e-01 -5.135051012039184570e-01
-1.507316976785660068e-01 3.479052782058715820e-01 -2.156279087066650113e-01 9.300202727317810059e-01 5.391840934753417969e-01 -5.154920816421508789e-01
1.674483776092529075e+00 -1.397596240043639915e+00 1.581271290779113992e+00 -3.057871460914611816e-01 2.634963691234589178e-01 -4.936349689960479736e-01
-3.298416733741760254e-01 3.151263594627379816e-01 1.437519341707229892e-01 -5.862589925527573326e-02 -2.534182071685791016e-01 -4.936349689960479736e-01
2.024174451828002930e+00 -1.782754063606261985e+00 1.221891522407531960e+00 -8.001101613044738770e-01 -7.358718514442443848e-01 -3.823623061180114746e-01
-9.354038834571838379e-01 1.282117605209351030e+00 8.625116348266601562e-01 -1.047271966934204102e+00 1.601135283708572110e-01 -2.472455203533172885e-01
1.248031497001647949e+00 -1.610662460327147993e+00 1.221891522407531960e+00 -8.001101613044738770e-01 6.081059575080871582e-01 -4.856869280338286798e-01
8.983408212661743164e-01 -9.796593785285949707e-01 1.437519341707229892e-01 -1.541594505310059038e+00 -3.912621736526489258e-01 -1.200767531991004944e-01
-1.430088281631469949e+00 1.577131986618041992e+00 -1.293767333030700906e+00 6.828590035438537598e-01 2.979575097560883123e-01 9.529094696044921875e-01
-4.066030383110045832e-01 3.888794779777526855e-01 -9.343875646591186523e-01 1.424342751502990945e+00 5.673049390316010215e-02 1.344350934028625044e+00
5.396533012390136719e-02 2.495673596858977994e-01 5.031317472457885742e-01 -1.788756370544434038e+00 -7.358718514442443848e-01 -3.624921739101409912e-01
-7.221777439117431641e-01 8.805701136589050293e-01 1.221891522407531960e+00 -3.057871460914611816e-01 1.435169458389282005e+00 -2.094922810792922974e-01
-1.421559333801269975e+00 1.634496331214905007e+00 1.437519341707229892e-01 -5.529489517211914062e-01 4.702621996402739923e-01 4.025073349475861151e-01
-1.660372614860534890e+00 2.019653797149658203e+00 -1.293767333030700906e+00 -5.529489517211914062e-01 -6.669499278068542480e-01 5.499192714691162109e+00
6.168821454048156738e-01 -6.354758143424987793e-01 -9.343875646591186523e-01 -3.057871460914611816e-01 6.081059575080871582e-01 -5.214531421661376953e-01
1.145682930946350098e+00 -1.520518898963928001e+00 -2.156279087066650113e-01 -8.001101613044738770e-01 -2.534182071685791016e-01 -4.419726431369780939e-01
4.548304975032805841e-01 -4.387997090816497803e-01 -2.156279087066650113e-01 -1.541594505310059038e+00 -3.568012416362761896e-01 -4.399856626987457275e-01
-9.955739974975585938e-02 -3.158770501613616943e-01 1.940651178359984907e+00 6.828590035438537598e-01 -4.665233939886093140e-02 -4.797258973121643066e-01
-1.148630023002624956e+00 1.544353127479553001e+00 -1.293767333030700906e+00 4.356966018676757812e-01 4.013403356075286865e-01 1.068156242370605025e+00
-4.577773213386536200e-01 -1.273953616619110107e-01 -5.750077366828918457e-01 -8.001101613044738770e-01 4.358012676239014227e-01 -3.406350314617156982e-01
-8.501134514808654785e-01 1.134610772132873979e+00 -5.750077366828918457e-01 -5.529489517211914062e-01 7.804111242294311523e-01 4.342994987964630127e-01
4.974757134914398193e-01 -5.699170827865600586e-01 -2.156279087066650113e-01 -5.862589925527573326e-02 -5.291059613227844238e-01 -5.214531421661376953e-01
8.983408212661743164e-01 -7.420087456703186035e-01 5.031317472457885742e-01 1.885353326797485074e-01 -6.669499278068542480e-01 -5.333752036094665527e-01
1.930355072021483931e+00 -1.487739682197571023e+00 -2.156279087066650113e-01 -5.529489517211914062e-01 -5.980280637741088867e-01 -5.015829801559448242e-01
-3.383707404136658270e-01 -5.364195629954338074e-02 1.940651178359984907e+00 1.177181482315063032e+00 -4.665233939886093140e-02 1.422088146209717074e-01
7.192307114601135254e-01 -3.978254795074462891e-01 -9.343875646591186523e-01 -3.057871460914611816e-01 -1.155742257833480974e-01 -5.214531421661376953e-01
-4.321902692317963202e-01 1.118220806121825950e+00 -2.156279087066650113e-01 6.828590035438537598e-01 2.226954698562622070e-02 -5.214531421661376953e-01
7.533469796180725098e-01 -6.272810697555541992e-01 -1.653147220611572044e+00 1.885353326797485074e-01 -2.189572453498840054e-01 -5.214531421661376953e-01
2.245462238788605014e-01 -7.003170996904373169e-02 1.437519341707229892e-01 -8.001101613044738770e-01 -1.114942669868469016e+00 -5.353622436523437500e-01
1.989591568708420077e-01 -4.715788960456848145e-01 5.031317472457885742e-01 1.177181482315063032e+00 -8.737158179283142090e-01 -5.333752036094665527e-01
-5.260096192359924316e-01 4.462437629699707031e-01 -9.343875646591186523e-01 1.885353326797485074e-01 4.358012676239014227e-01 -4.836999177932739258e-01
1.614780426025391069e+00 -1.782754063606261985e+00 1.437519341707229892e-01 -3.057871460914611816e-01 -4.601840972900391180e-01 -5.214531421661376953e-01
7.789340615272521973e-01 -1.463155269622802956e+00 8.625116348266601562e-01 1.177181482315063032e+00 5.047231316566467285e-01 -5.234401226043701172e-01
8.045211434364318848e-01 -7.092295885086059570e-01 5.031317472457885742e-01 -5.529489517211914062e-01 -5.635669231414794922e-01 1.541308462619780939e-01
5.486498475074768066e-01 -7.174242734909057617e-01 8.625116348266601562e-01 1.885353326797485074e-01 1.538552641868591087e+00 -5.214531421661376953e-01
-3.724868893623352051e-01 1.758136302232742032e-01 1.221891522407531960e+00 6.828590035438537598e-01 6.081059575080871582e-01 -5.154920816421508789e-01
2.228871583938599077e+00 -2.544874668121337891e+00 5.031317472457885742e-01 -5.862589925527573326e-02 -1.219139527529478073e-02 -4.240895509719849188e-01
6.249440833926200867e-02 1.758136302232742032e-01 -2.156279087066650113e-01 1.885353326797485074e-01 7.804111242294311523e-01 -5.214531421661376953e-01
1.418612480163573997e+00 -1.528713941574096902e+00 -2.156279087066650113e-01 -5.529489517211914062e-01 -8.392548561096191406e-01 -5.214531421661376953e-01
-1.191275238990783913e+00 1.437819957733154075e+00 5.031317472457885742e-01 -1.294433236122130904e+00 5.391840934753417969e-01 -7.636252045631408691e-02
-2.189641445875168124e-01 3.724900484085083008e-01 -2.156279087066650113e-01 -8.001101613044738770e-01 -7.014108896255493164e-01 1.086039423942565918e+00
9.324567914009094238e-01 -9.222953915596008301e-01 1.437519341707229892e-01 -1.294433236122130904e+00 1.090559959411621094e+00 -2.969208061695098877e-01
-1.336268901824950950e+00 1.544353127479553001e+00 1.437519341707229892e-01 -1.788756370544434038e+00 2.634963691234589178e-01 -4.558817446231842041e-01
-3.554287254810333252e-01 2.413726449012756070e-01 5.031317472457885742e-01 -5.529489517211914062e-01 9.871767759323120117e-01 -3.624921739101409912e-01
-7.392357587814331055e-01 2.413726449012756070e-01 -2.156279087066650113e-01 4.356966018676757812e-01 8.148720264434814453e-01 -3.148039281368256170e-01
-2.786673605442047119e-01 2.495673596858977994e-01 -5.750077366828918457e-01 4.356966018676757812e-01 -5.635669231414794922e-01 -1.955832242965697965e-01
-9.524619579315185547e-01 1.314897179603577104e+00 1.221891522407531960e+00 -5.529489517211914062e-01 4.702621996402739923e-01 -4.598557949066162109e-01
-1.762721180915832964e+00 2.085212707519530806e+00 8.625116348266601562e-01 -5.862589925527573326e-02 -6.324890255928039551e-01 2.932216823101044256e-01
6.254113912582397461e-01 -2.749028205871582031e-01 -2.156279087066650113e-01 1.671504020690917969e+00 7.114892005920410156e-01 -1.339858472347260077e-01
3.865980207920073908e-01 -9.461617469787597656e-02 -2.156279087066650113e-01 -1.541594505310059038e+00 9.182548522949218750e-01 -8.033651858568191528e-02
-4.321902692317963202e-01 6.838943362236022949e-01 1.437519341707229892e-01 4.356966018676757812e-01 3.668794035911560059e-01 -4.181285202503203791e-01
3.524818718433380127e-01 1.840083450078963956e-01 -2.156279087066650113e-01 4.356966018676757812e-01 -5.635669231414794922e-01 -5.214531421661376953e-01
-2.360221445560455045e-01 5.691664218902587891e-01 1.437519341707229892e-01 -8.001101613044738770e-01 9.119164198637008667e-02 -5.214531421661376953e-01
5.401208996772766113e-01 -6.600602865219116211e-01 8.625116348266601562e-01 -8.001101613044738770e-01 -2.878791391849517822e-01 -5.353622436523437500e-01
2.330753058195114136e-01 -2.093438208103179932e-01 -2.156279087066650113e-01 -1.047271966934204102e+00 -6.669499278068542480e-01 -4.655734077095984719e-02
-1.651843547821044922e+00 1.642691016197205034e+00 -2.156279087066650113e-01 -1.047271966934204102e+00 9.119164198637008667e-02 1.628493547439574973e+00
5.998241305351257324e-01 -4.224099516868590753e-01 -5.750077366828918457e-01 3.401634931564331055e+00 2.710225582122803178e+00 -4.876739382743834894e-01
6.249440833926200867e-02 2.659567892551422119e-01 8.625116348266601562e-01 -1.788756370544434038e+00 -1.155742257833480974e-01 5.676728487014771202e-02
-3.980739414691925049e-01 -1.683696061372756958e-01 1.221891522407531960e+00 1.671504020690917969e+00 5.391840934753417969e-01 2.894912660121918072e-02
1.103037714958190918e+00 -9.304904341697692871e-01 1.437519341707229892e-01 1.885353326797485074e-01 7.459501624107360840e-01 -5.214531421661376953e-01
7.955239713191986084e-02 -4.224099516868590753e-01 -5.750077366828918457e-01 1.885353326797485074e-01 -8.111327886581420898e-02 -2.671156227588654120e-01
-8.927586674690246582e-01 1.175585031509398970e+00 -9.343875646591186523e-01 -1.541594505310059038e+00 1.262864708900452104e+00 4.683222621679306030e-02
3.439528048038483221e-01 -2.585130929946898859e-01 -2.156279087066650113e-01 -5.862589925527573326e-02 -8.392548561096191406e-01 -4.916479289531707764e-01
-4.833644032478333075e-01 2.249825745820998868e-01 1.437519341707229892e-01 -5.862589925527573326e-02 -3.223400712013245184e-01 -4.737648367881774902e-01
5.742370486259460449e-01 -9.141007065773010254e-01 -9.343875646591186523e-01 -5.529489517211914062e-01 -1.219139527529478073e-02 -5.214531421661376953e-01
3.098366558551787775e-01 -3.322664797306060791e-01 8.625116348266601562e-01 9.300202727317810059e-01 -5.635669231414794922e-01 -4.558817446231842041e-01
-5.601259469985961914e-01 7.166732549667358398e-01 -2.156279087066650113e-01 1.424342751502990945e+00 -1.500353813171386996e-01 -5.214531421661376953e-01
-8.249941468238830566e-02 -3.076820373535156250e-01 -9.343875646591186523e-01 1.885353326797485074e-01 -6.324890255928039551e-01 -5.135051012039184570e-01
-7.221777439117431641e-01 -1.847593486309052069e-01 -1.653147220611572044e+00 -5.529489517211914062e-01 1.814240336418152078e+00 6.965849995613098145e-01
8.812826871871948242e-01 -8.075677752494812012e-01 -2.156279087066650113e-01 -3.057871460914611816e-01 -4.257231056690216064e-01 -4.876739382743834894e-01
1.060392498970031960e+00 -1.020633578300476074e+00 -1.293767333030700906e+00 6.828590035438537598e-01 -5.635669231414794922e-01 -2.114793062210083008e-01
-5.260096192359924316e-01 9.789086580276489258e-01 -5.750077366828918457e-01 4.356966018676757812e-01 6.770282983779907227e-01 -4.797258973121643066e-01
2.075348854064940962e+00 -2.004014968872069868e+00 1.437519341707229892e-01 4.356966018676757812e-01 -4.257231056690216064e-01 -4.856869280338286798e-01
6.168821454048156738e-01 -4.387997090816497803e-01 1.437519341707229892e-01 -5.862589925527573326e-02 -1.155742257833480974e-01 -4.399856626987457275e-01
2.152110099792480025e+00 -2.233470439910889116e+00 -2.156279087066650113e-01 1.885353326797485074e-01 -3.223400712013245184e-01 -5.214531421661376953e-01
5.742370486259460449e-01 -1.683696061372756958e-01 -1.653147220611572044e+00 -1.047271966934204102e+00 -9.770986437797546387e-01 -5.214531421661376953e-01
4.121852517127990723e-01 -1.847593486309052069e-01 1.437519341707229892e-01 4.356966018676757812e-01 -2.878791391849517822e-01 -5.154920816421508789e-01
-1.166155487298965038e-01 -6.183667480945587158e-02 5.031317472457885742e-01 2.165827512741088867e+00 -5.635669231414794922e-01 2.554440975189208984e+00
1.290676712989806907e+00 -1.069802522659301980e+00 8.625116348266601562e-01 9.300202727317810059e-01 1.745318412780761941e+00 -2.313494235277175903e-01
-1.634785532951354980e+00 1.749224305152893066e+00 -2.156279087066650113e-01 -8.001101613044738770e-01 8.148720264434814453e-01 1.825207710266113059e+00
1.307266950607300082e-01 -1.847593486309052069e-01 8.625116348266601562e-01 6.828590035438537598e-01 1.125020980834960938e+00 -4.618427753448485773e-01
7.107017636299133301e-01 -1.110776782035828081e+00 1.437519341707229892e-01 -3.057871460914611816e-01 -1.080481648445128950e+00 -4.737648367881774902e-01
1.137153983116149902e+00 -1.348427295684814009e+00 -5.750077366828918457e-01 4.356966018676757812e-01 -1.155742257833480974e-01 -5.214531421661376953e-01
-1.387443065643310991e+00 2.126187086105347124e+00 -2.012526988983153853e+00 1.424342751502990945e+00 -9.081767797470092773e-01 -2.234013825654984076e-01
3.695400357246398926e-01 -1.847593486309052069e-01 1.437519341707229892e-01 -3.057871460914611816e-01 -2.189572453498840054e-01 -5.214531421661376953e-01
1.427141427993773970e+00 -1.143556237220763938e+00 -2.156279087066650113e-01 -1.047271966934204102e+00 -2.189572453498840054e-01 -5.333752036094665527e-01
-6.624743342399597168e-01 9.952980875968933105e-01 -5.750077366828918457e-01 9.300202727317810059e-01 5.736450552940368652e-01 2.151077747344971147e+00
-1.165688037872314009e+00 1.355871438980102983e+00 -2.156279087066650113e-01 -5.529489517211914062e-01 -8.111327886581420898e-02 -3.942843675613402765e-01
3.780689537525177002e-01 -1.053413152694701926e+00 1.437519341707229892e-01 1.424342751502990945e+00 -7.703327536582946777e-01 -4.618427753448485773e-01
5.401208996772766113e-01 -8.403469324111938477e-01 5.031317472457885742e-01 -3.057871460914611816e-01 -8.047939538955688477e-01 -5.214531421661376953e-01
9.409860372543334961e-01 -6.928398013114929199e-01 -1.653147220611572044e+00 -1.047271966934204102e+00 -1.218325614929198997e+00 -3.545441329479218084e-01
-1.327739834785460982e+00 1.741028904914855957e+00 -2.156279087066650113e-01 4.356966018676757812e-01 -6.669499278068542480e-01 -3.624921739101409912e-01
1.981529235839843972e+00 -2.126937627792357954e+00 8.625116348266601562e-01 -5.529489517211914062e-01 2.979575097560883123e-01 -4.995960295200347900e-01
-2.786673605442047119e-01 -8.157624602317810059e-01 1.437519341707229892e-01 -1.294433236122130904e+00 8.837939500808715820e-01 -3.764012753963469904e-01
-2.104350775480270108e-01 3.561006188392639160e-01 1.437519341707229892e-01 -5.862589925527573326e-02 6.081059575080871582e-01 6.548578143119812012e-01
5.396533012390136719e-02 -8.642113953828811646e-02 1.221891522407531960e+00 1.177181482315063032e+00 -7.014108896255493164e-01 -5.194661617279052734e-01
2.049761772155762163e+00 -1.864702463150023970e+00 1.221891522407531960e+00 -5.529489517211914062e-01 9.119164198637008667e-02 -5.313881635665893555e-01
-6.283581852912902832e-01 4.708279371261597235e-01 1.581271290779113992e+00 6.828590035438537598e-01 -4.601840972900391180e-01 -5.174791216850280762e-01
-1.626256465911865012e+00 2.175355911254882812e+00 -9.343875646591186523e-01 -5.529489517211914062e-01 -7.703327536582946777e-01 5.676728487014771202e-02
-9.183457493782043457e-01 1.134610772132873979e+00 5.031317472457885742e-01 1.177181482315063032e+00 -4.601840972900391180e-01 -5.214531421661376953e-01
-2.360221445560455045e-01 1.020599082112312039e-01 -2.156279087066650113e-01 -1.047271966934204102e+00 2.290354222059249878e-01 -5.214531421661376953e-01
-8.501134514808654785e-01 8.150117397308349609e-01 -2.156279087066650113e-01 -1.047271966934204102e+00 6.770282983779907227e-01 -1.240507885813712935e-01
8.386374115943908691e-01 -6.354758143424987793e-01 -2.156279087066650113e-01 -3.057871460914611816e-01 9.119164198637008667e-02 -3.843493163585662842e-01
1.333321928977966087e+00 -2.004014968872069868e+00 5.031317472457885742e-01 6.828590035438537598e-01 2.124389171600341797e+00 3.925722837448120117e-01
-5.942420959472656250e-01 9.379343986511230469e-01 -2.156279087066650113e-01 9.300202727317810059e-01 1.676396489143372026e+00 -5.115180611610412598e-01
1.955942153930664062e+00 -1.889286994934082031e+00 5.031317472457885742e-01 9.300202727317810059e-01 -1.046020746231079102e+00 -5.333752036094665527e-01
1.572135210037231001e+00 -1.135361552238463911e+00 5.031317472457885742e-01 -5.529489517211914062e-01 1.435169458389282005e+00 -5.214531421661376953e-01
5.571789145469665527e-01 -8.075677752494812012e-01 1.437519341707229892e-01 -8.001101613044738770e-01 4.013403356075286865e-01 -4.221025407314301092e-01
-8.671715259552001953e-01 1.060857057571410911e+00 -5.750077366828918457e-01 -8.001101613044738770e-01 2.634963691234589178e-01 8.855947852134704590e-02
3.951271176338195801e-01 -2.912922799587249756e-01 8.625116348266601562e-01 6.828590035438537598e-01 7.114892005920410156e-01 -5.353622436523437500e-01
1.137153983116149902e+00 -1.274673700332642046e+00 5.031317472457885742e-01 -5.862589925527573326e-02 -8.047939538955688477e-01 -5.294011831283569336e-01
3.695400357246398926e-01 -2.339286059141159058e-01 8.625116348266601562e-01 -1.294433236122130904e+00 -6.669499278068542480e-01 -4.817128777503966730e-01
-2.786673605442047119e-01 -1.355904042720794955e-01 5.031317472457885742e-01 -8.001101613044738770e-01 4.013403356075286865e-01 3.568060696125031073e-01
-1.447146415710448997e+00 1.691859960556030051e+00 1.437519341707229892e-01 -1.047271966934204102e+00 -7.358718514442443848e-01 -3.207649290561676025e-01
9.068697094917297363e-01 -7.010345458984375000e-01 8.625116348266601562e-01 -1.047271966934204102e+00 -2.878791391849517822e-01 -5.214531421661376953e-01
2.837826497852801930e-02 1.512294858694077093e-01 8.625116348266601562e-01 9.300202727317810059e-01 4.013403356075286865e-01 -5.214531421661376953e-01
-7.477648258209228516e-01 9.625185728073120117e-01 3.018790483474731001e+00 -3.057871460914611816e-01 -1.844963133335114081e-01 -3.724272251129149836e-01
4.974757134914398193e-01 -6.190860271453857422e-01 8.625116348266601562e-01 9.300202727317810059e-01 6.770282983779907227e-01 -5.214531421661376953e-01
6.083531975746154785e-01 -3.158770501613616943e-01 5.031317472457885742e-01 1.177181482315063032e+00 -6.324890255928039551e-01 -4.538947343826293945e-01
6.168821454048156738e-01 -6.354758143424987793e-01 1.437519341707229892e-01 4.356966018676757812e-01 5.673049390316010215e-02 -5.015829801559448242e-01
2.467684745788574219e+00 -2.217080831527709961e+00 1.437519341707229892e-01 -1.294433236122130904e+00 -8.392548561096191406e-01 -4.258330166339874268e-02
-1.813895463943481001e+00 2.380227088928223100e+00 -1.293767333030700906e+00 -2.035917520523070845e+00 -1.528474330902100053e+00 4.025073349475861151e-01
-5.686548352241516113e-01 1.191974520683289018e+00 -2.156279087066650113e-01 4.356966018676757812e-01 5.673049390316010215e-02 -1.876351833343506137e-01
-6.027711629867553711e-01 7.330632805824279785e-01 8.625116348266601562e-01 -3.057871460914611816e-01 2.979575097560883123e-01 -4.459466934204102118e-01
-1.413030266761780007e+00 1.954095363616942915e+00 1.437519341707229892e-01 4.356966018676757812e-01 9.119164198637008667e-02 -4.817128777503966730e-01
4.974757134914398193e-01 -3.896304666996002197e-01 5.031317472457885742e-01 -5.529489517211914062e-01 -6.669499278068542480e-01 -5.214531421661376953e-01
-1.651843547821044922e+00 1.642691016197205034e+00 -9.343875646591186523e-01 -5.529489517211914062e-01 6.425673365592956543e-01 -8.033651858568191528e-02
-3.468998074531555176e-01 3.888794779777526855e-01 -9.343875646591186523e-01 9.300202727317810059e-01 8.493329882621765137e-01 2.177152484655379971e-01
1.265089631080626997e+00 -1.774559259414673074e+00 -9.343875646591186523e-01 -5.529489517211914062e-01 4.013403356075286865e-01 -5.214531421661376953e-01
1.648428440093993863e-01 1.102552562952042042e-01 8.625116348266601562e-01 -3.057871460914611816e-01 6.425673365592956543e-01 -4.618427753448485773e-01
-6.454163789749145508e-01 4.544385075569152832e-01 -2.156279087066650113e-01 -3.057871460914611816e-01 -4.601840972900391180e-01 8.456109762191772461e-01
3.695400357246398926e-01 -3.486562371253966730e-01 -5.750077366828918457e-01 -8.001101613044738770e-01 2.290354222059249878e-01 -1.300118118524551114e-01
-1.029223322868346946e+00 7.904269695281982422e-01 -5.750077366828918457e-01 6.828590035438537598e-01 5.391840934753417969e-01 8.714420199394226074e-01
1.401554346084594949e+00 -1.192725181579590066e+00 1.221891522407531960e+00 1.918666362762450950e+00 3.324184417724608820e-01 -5.333752036094665527e-01
-1.353327035903931108e+00 1.691859960556030051e+00 1.221891522407531960e+00 -3.057871460914611816e-01 2.296694040298461914e+00 4.087116569280623696e-02
-9.951071739196777344e-01 1.142805576324462891e+00 -2.156279087066650113e-01 -3.057871460914611816e-01 1.601135283708572110e-01 -4.022324085235596258e-01
-7.562938928604125977e-01 4.216589927673339844e-01 -5.750077366828918457e-01 -5.862589925527573326e-02 -6.324890255928039551e-01 -4.817128777503966730e-01
1.221976280212402066e-01 2.011177316308021892e-02 1.437519341707229892e-01 -1.541594505310059038e+00 -9.426376819610595703e-01 -5.115180611610412598e-01
8.130503892898559570e-01 -1.012438893318176047e+00 -2.156279087066650113e-01 -1.294433236122130904e+00 -2.878791391849517822e-01 4.342994987964630127e-01
-5.686548352241516113e-01 5.281922221183776855e-01 5.031317472457885742e-01 -8.001101613044738770e-01 -1.666318178176880105e+00 8.416368365287780762e-01
-1.166155487298965038e-01 -1.118971824645996094e+00 -2.156279087066650113e-01 1.885353326797485074e-01 3.123757362365723100e+00 3.766762018203734796e-01
5.396533012390136719e-02 2.413726449012756070e-01 1.437519341707229892e-01 -5.529489517211914062e-01 7.114892005920410156e-01 -3.783882856369019110e-01
-3.468998074531555176e-01 2.987363040447235107e-01 5.031317472457885742e-01 6.828590035438537598e-01 4.605579376220703125e+00 -1.955832242965697965e-01
-1.779779195785522017e+00 2.535929203033446822e+00 1.437519341707229892e-01 2.412988901138306108e+00 -2.534182071685791016e-01 3.071307837963104248e-01
-1.071868538856505904e+00 1.594242006540297907e-01 -2.012526988983153853e+00 -5.529489517211914062e-01 -1.500353813171386996e-01 -3.068558573722838800e-01
-2.871964275836945135e-01 3.151263594627379816e-01 -9.343875646591186523e-01 -5.862589925527573326e-02 -4.601840972900391180e-01 -5.015829801559448242e-01
-9.439328908920288086e-01 4.380490481853485107e-01 3.737550258636475053e+00 -1.294433236122130904e+00 -1.155742257833480974e-01 1.044555604457854947e-01
-3.298416733741760254e-01 1.036272287368773970e+00 -2.156279087066650113e-01 -8.001101613044738770e-01 -2.878791391849517822e-01 1.839360296726227084e-01
1.017747282981873003e+00 -1.069802522659301980e+00 8.625116348266601562e-01 1.885353326797485074e-01 -1.287247538566588911e+00 -5.055570602416992188e-01
-9.609909653663635254e-01 8.969601988792419434e-01 1.437519341707229892e-01 1.885353326797485074e-01 3.324184417724608820e-01 -2.989078164100646973e-01
5.742370486259460449e-01 -4.387997090816497803e-01 -5.750077366828918457e-01 -5.529489517211914062e-01 -1.219139527529478073e-02 -3.148039281368256170e-01
-1.020694375038146973e+00 1.257533550262450950e+00 5.031317472457885742e-01 4.356966018676757812e-01 -8.737158179283142090e-01 -4.419726431369780939e-01
-4.066030383110045832e-01 -2.093438208103179932e-01 -2.156279087066650113e-01 -5.862589925527573326e-02 1.945744603872298917e-01 -3.187779486179351807e-01
-2.701382935047150213e-01 8.887654542922973633e-01 -2.012526988983153853e+00 9.300202727317810059e-01 -8.111327886581420898e-02 1.183403015136718972e+00
1.307266950607300082e-01 1.840083450078963956e-01 1.437519341707229892e-01 -5.862589925527573326e-02 1.228403806686400923e+00 1.205260038375854048e+00
1.043334364891052024e+00 -9.468798637390136719e-01 5.031317472457885742e-01 9.300202727317810059e-01 -3.223400712013245184e-01 -5.234401226043701172e-01
7.107017636299133301e-01 -9.550749063491821289e-01 1.581271290779113992e+00 4.356966018676757812e-01 1.848701238632201926e+00 -1.161027550697326938e-01
7.107017636299133301e-01 -7.174242734909057617e-01 -1.653147220611572044e+00 -5.529489517211914062e-01 -4.665233939886093140e-02 -3.306999802589417059e-01
-1.378914117813109907e+00 2.036043882369995117e+00 -2.156279087066650113e-01 1.424342751502990945e+00 -1.494013428688049094e+00 -5.234401226043701172e-01
1.477848589420318881e-01 -2.905748412013053894e-02 -1.653147220611572044e+00 -1.541594505310059038e+00 1.945744603872298917e-01 1.207247018814086914e+00
-1.268036603927612083e+00 1.232948660850524902e+00 -1.293767333030700906e+00 -8.001101613044738770e-01 -1.114942669868469016e+00 -4.777388870716094971e-01
-1.694488763809204102e+00 1.814782619476317915e+00 1.581271290779113992e+00 -1.294433236122130904e+00 2.634963691234589178e-01 2.572324037551879883e+00
-9.439328908920288086e-01 1.159194946289062056e+00 1.221891522407531960e+00 6.828590035438537598e-01 9.527158141136169434e-01 -5.174791216850280762e-01
1.648428440093993863e-01 -1.355904042720794955e-01 1.437519341707229892e-01 1.885353326797485074e-01 -9.770986437797546387e-01 1.143906190991401950e-01
7.618759274482727051e-01 -7.829830050468444824e-01 8.625116348266601562e-01 6.828590035438537598e-01 2.634963691234589178e-01 -4.717778265476226807e-01
-1.182746171951293945e+00 -2.994872927665709894e-01 1.437519341707229892e-01 -8.001101613044738770e-01 -1.500353813171386996e-01 -5.115180611610412598e-01
3.268948197364807129e-01 3.561006188392639160e-01 -9.343875646591186523e-01 2.412988901138306108e+00 -2.045388936996459961e+00 -4.340246021747589111e-01
-1.426695752888917923e-02 -1.266773138195275913e-02 -1.293767333030700906e+00 -5.862589925527573326e-02 1.256525814533233920e-01 2.355982959270477017e-01
-1.558024168014525923e+00 1.331286668777466042e+00 1.437519341707229892e-01 2.412988901138306108e+00 2.882530689239501953e+00 5.793514251708984375e-01
1.196857333183289018e+00 -9.960491061210632324e-01 1.437519341707229892e-01 6.828590035438537598e-01 1.256525814533233920e-01 -3.287129998207091730e-01
5.396533012390136719e-02 -2.093438208103179932e-01 -1.293767333030700906e+00 9.300202727317810059e-01 1.538552641868591087e+00 1.390052199363708052e+00
-1.378914117813109907e+00 1.683665275573730025e+00 -1.293767333030700906e+00 -5.529489517211914062e-01 -3.568012416362761896e-01 3.086960077285767046e+00
2.927785217761992853e-01 -4.472699481993913651e-03 5.031317472457885742e-01 -5.529489517211914062e-01 -7.703327536582946777e-01 -3.605051636695861816e-01
5.401208996772766113e-01 -1.504129528999329057e+00 1.437519341707229892e-01 -5.529489517211914062e-01 -8.737158179283142090e-01 -5.214531421661376953e-01
-2.530803084373474121e-01 1.102552562952042042e-01 -2.371906995773314986e+00 4.356966018676757812e-01 1.090559959411621094e+00 1.549013137817383035e+00
9.661055356264114380e-02 -1.028108969330787936e-01 -2.156279087066650113e-01 -1.294433236122130904e+00 -8.111327886581420898e-02 1.203516349196434021e-01
7.618759274482727051e-01 -6.764500737190246582e-01 1.437519341707229892e-01 6.828590035438537598e-01 -2.389998674392700195e+00 9.926497340202331543e-01
1.128624796867371050e+00 -9.468798637390136719e-01 5.031317472457885742e-01 -5.862589925527573326e-02 -1.500353813171386996e-01 -5.234401226043701172e-01
-1.063339591026305930e+00 1.396845698356627974e+00 -9.343875646591186523e-01 -1.294433236122130904e+00 -4.601840972900391180e-01 -5.214531421661376953e-01
-3.132510930299758911e-02 1.430341303348540982e-01 -9.343875646591186523e-01 6.828590035438537598e-01 5.673049390316010215e-02 1.006558895111083984e+00
1.136687099933623990e-01 1.594242006540297907e-01 1.437519341707229892e-01 -2.035917520523070845e+00 -3.223400712013245184e-01 7.065200805664062500e-01
5.396533012390136719e-02 1.922037005424500067e-01 5.031317472457885742e-01 -5.529489517211914062e-01 1.256525814533233920e-01 -5.194661617279052734e-01
-5.738043226301670074e-03 1.020599082112312039e-01 -9.343875646591186523e-01 -8.001101613044738770e-01 9.119164198637008667e-02 1.143906190991401950e-01
2.791033359244465828e-03 4.544385075569152832e-01 -9.343875646591186523e-01 -1.047271966934204102e+00 -1.321708440780640093e+00 -5.313881635665893555e-01
3.690717741847038269e-02 -4.469944238662719727e-01 1.221891522407531960e+00 1.177181482315063032e+00 9.119164198637008667e-02 -4.578687548637390137e-01
-7.562938928604125977e-01 6.183353662490844727e-01 -1.293767333030700906e+00 -3.057871460914611816e-01 1.256525814533233920e-01 8.018966317176818848e-01
-2.104350775480270108e-01 -4.142149388790131170e-01 8.625116348266601562e-01 -2.035917520523070845e+00 5.673049390316010215e-02 -1.558429896831511896e-01
-2.871964275836945135e-01 5.281922221183776855e-01 -2.156279087066650113e-01 6.828590035438537598e-01 -5.635669231414794922e-01 1.622532606124877930e+00
-6.544125825166702271e-02 7.166732549667358398e-01 -5.750077366828918457e-01 -1.294433236122130904e+00 3.296062469482421875e+00 1.547026157379149947e+00
-3.985418751835823059e-02 -4.544692486524581909e-02 8.625116348266601562e-01 -1.047271966934204102e+00 9.182548522949218750e-01 -3.426220715045928955e-01
4.121852517127990723e-01 -1.437851190567016879e-01 1.437519341707229892e-01 4.356966018676757812e-01 5.736450552940368652e-01 9.449615478515625000e-01
-5.089516043663024902e-01 9.707139134407043457e-01 -2.012526988983153853e+00 -1.541594505310059038e+00 -9.770986437797546387e-01 8.952862620353698730e-01
1.733719259500504095e-01 -4.961633682250977118e-01 -1.293767333030700906e+00 9.300202727317810059e-01 3.668794035911560059e-01 6.548578143119812012e-01
3.865980207920073908e-01 -2.175388634204865057e-01 1.437519341707229892e-01 -5.862589925527573326e-02 -2.252154827117919922e+00 -3.942843675613402765e-01
5.827661752700805664e-01 -7.338140606880187988e-01 5.031317472457885742e-01 -8.001101613044738770e-01 -4.257231056690216064e-01 -3.644792139530181885e-01
1.589193344116210938e+00 -1.209115028381348100e+00 5.031317472457885742e-01 -5.862589925527573326e-02 -5.635669231414794922e-01 -5.333752036094665527e-01
4.377723336219788153e-01 4.298537075519561768e-01 -2.156279087066650113e-01 1.885353326797485074e-01 -2.878791391849517822e-01 2.592194080352783203e+00
-6.795325279235839844e-01 6.675043106079101562e-01 -2.156279087066650113e-01 -1.047271966934204102e+00 6.770282983779907227e-01 2.395723462104797086e-01
-4.833644032478333075e-01 9.133496284484863281e-01 -5.750077366828918457e-01 -1.047271966934204102e+00 1.710857391357422097e+00 2.276502996683121005e-01
-3.127835094928740900e-01 3.561006188392639160e-01 -2.156279087066650113e-01 -1.541594505310059038e+00 -8.392548561096191406e-01 6.488968133926391602e-01
3.218240737915039062e+00 -2.626823186874390093e+00 5.031317472457885742e-01 -5.529489517211914062e-01 -1.183864474296570046e+00 -4.638297855854033869e-01
9.665731191635131836e-01 -1.094387292861938032e+00 -5.750077366828918457e-01 1.885353326797485074e-01 6.081059575080871582e-01 -3.028818368911743164e-01
-1.583611249923706055e+00 1.118220806121825950e+00 -5.246945858001708984e+00 1.885353326797485074e-01 4.702621996402739923e-01 3.627427339553833008e+00
-1.532436847686768022e+00 1.134610772132873979e+00 -2.156279087066650113e-01 -5.529489517211914062e-01 5.047231316566467285e-01 5.733659744262695312e+00
2.791033359244465828e-03 -6.183667480945587158e-02 1.437519341707229892e-01 4.356966018676757812e-01 -4.946450293064116877e-01 5.614683032035827637e-01
-1.830953478813170943e+00 1.552547812461853027e+00 -1.293767333030700906e+00 -3.057871460914611816e-01 4.702621996402739923e-01 6.091566085815429688e-01
-2.957255244255065918e-01 3.806847631931304932e-01 -9.343875646591186523e-01 -5.529489517211914062e-01 -7.358718514442443848e-01 -5.035700201988220215e-01
